10 10
0 0 1 0 1 0 0 0 0 
0 1 1 1 0 1 0 0 1 
0 0 0 0 0 1 1 0 0 
0 0 1 1 0 0 0 0 1 
1 0 0 0 0 0 1 0 1 
0 1 1 0 1 0 0 0 1 
0 1 1 1 1 1 1 0 1 
0 0 0 0 0 0 1 0 1 
1 0 0 0 1 1 1 1 0 
0 1 1 1 1 0 0 0 1 
0 1 0 0 1 0 1 1 0 0 
1 1 0 0 1 0 1 0 1 1 
1 1 1 1 1 1 0 1 0 0 
0 1 0 0 1 1 1 1 0 0 
0 1 0 1 0 1 0 0 1 0 
0 1 1 1 1 0 0 0 1 1 
1 0 0 0 0 1 1 1 1 0 
0 1 0 1 1 0 1 0 0 0 
0 1 0 0 0 0 0 0 1 0 
3
0 2 5 5 
9 5 7 7 
3 9 1 1 
0 1 0 0 1 1 1 0 1 
1 1 1 1 0 1 1 1 0 
0 0 0 0 0 0 1 0 0 
1 1 1 1 1 0 0 0 1 
0 0 0 1 0 0 0 0 0 
1 0 0 1 1 1 1 0 0 
0 0 1 0 1 0 1 0 1 
0 0 1 0 0 1 0 1 0 
1 0 1 0 0 0 1 0 0 
0 1 0 1 1 0 0 1 1 
0 0 1 1 0 0 0 0 0 0 
0 1 0 0 1 0 0 1 0 1 
1 1 0 0 0 1 1 1 0 0 
0 0 0 1 1 1 1 0 1 1 
1 1 1 0 0 1 1 1 1 0 
0 0 1 1 0 0 0 1 0 1 
0 1 1 0 1 1 0 0 1 0 
0 0 1 0 1 1 1 0 0 1 
1 0 0 0 0 0 1 1 0 0 
9
1 1 4 4 
2 1 6 6 
0 3 8 8
1 3 2 2 
9 6 0 0 
2 7 3 3 
5 7 5 5 
7 9 7 7 
8 9 9 9 